2.548000000000000000e+03
5.001000000000000000e+03
9.663000000000000000e+03
1.588800000000000000e+04
2.134400000000000000e+04
3.011900000000000000e+04
3.759100000000000000e+04
4.898700000000000000e+04
6.200600000000000000e+04
7.242100000000000000e+04
8.793000000000000000e+04
1.004210000000000000e+05
1.185510000000000000e+05
1.383640000000000000e+05
1.537380000000000000e+05
1.759810000000000000e+05
1.934910000000000000e+05
2.183550000000000000e+05
2.449620000000000000e+05
2.652950000000000000e+05
2.942720000000000000e+05
3.168010000000000000e+05
3.483990000000000000e+05
3.818000000000000000e+05
4.070920000000000000e+05
4.428030000000000000e+05
4.703510000000000000e+05
5.086830000000000000e+05
5.488780000000000000e+05
5.791290000000000000e+05
6.215740000000000000e+05
6.541410000000000000e+05
6.992070000000000000e+05
7.461960000000000000e+05
7.814060000000000000e+05
8.305850000000000000e+05
8.681710000000000000e+05
9.199710000000000000e+05
9.737540000000000000e+05
1.013923000000000000e+06
1.069836000000000000e+06
1.112441000000000000e+06
1.170975000000000000e+06
1.231552000000000000e+06
1.276680000000000000e+06
1.339327000000000000e+06
1.386951000000000000e+06
1.452219000000000000e+06
